const uint16_t	refereeWhistle[10080] = {
  2048, 2048, 2048, 2048, 2048, 2048, 2048, 2048, 2048, 2048, 2048, 2048, 2048, 2048, 2048, 2048,
  2048, 2048, 2048, 2048, 2048, 2048, 2048, 2048, 2048, 2048, 2048, 2048, 2048, 2048, 2048, 2048,
  2048, 2048, 2048, 2048, 2048, 2048, 2048, 2048, 2048, 2048, 2048, 2048, 2048, 2048, 2048, 2048,
  2048, 2048, 2048, 2048, 2048, 2048, 2048, 2048, 2048, 2048, 2048, 2048, 2048, 2048, 2048, 2048,
  2048, 2048, 2048, 2048, 2048, 2048, 2048, 2048, 2048, 2048, 2048, 2048, 2048, 2048, 2048, 2048,
  2048, 2048, 2048, 2048, 2048, 2048, 2048, 2048, 2048, 2048, 2048, 2048, 2048, 2048, 2048, 2048,
  2048, 2048, 2048, 2048, 2048, 2048, 2048, 2048, 2048, 2048, 2048, 2048, 2048, 2048, 2048, 2048,
  2048, 2048, 2048, 2048, 2048, 2048, 2048, 2048, 2048, 2048, 2048, 2048, 2048, 2048, 2048, 2047,
  2048, 2047, 2048, 2048, 2047, 2048, 2047, 2048, 2047, 2047, 2048, 2047, 2048, 2047, 2048, 2048,
  2047, 2048, 2047, 2048, 2047, 2047, 2048, 2047, 2048, 2047, 2048, 2048, 2047, 2048, 2047, 2048,
  2047, 2047, 2048, 2047, 2048, 2047, 2048, 2047, 2047, 2048, 2047, 2048, 2047, 2048, 2048, 2047,
  2048, 2047, 2048, 2047, 2047, 2048, 2047, 2048, 2047, 2048, 2048, 2047, 2048, 2047, 2048, 2047,
  2047, 2048, 2047, 2048, 2047, 2048, 2048, 2047, 2048, 2047, 2048, 2047, 2047, 2048, 2047, 2048,
  2047, 2048, 2048, 2047, 2048, 2047, 2048, 2047, 2047, 2048, 2047, 2048, 2047, 2048, 2048, 2047,
  2048, 2047, 2048, 2047, 2047, 2048, 2047, 2048, 2047, 2048, 2048, 2047, 2048, 2047, 2048, 2047,
  2047, 2048, 2047, 2048, 2047, 2048, 2047, 2047, 2048, 2047, 2048, 2047, 2048, 2048, 2047, 2048,
  2047, 2048, 2047, 2047, 2048, 2047, 2048, 2047, 2048, 2048, 2047, 2048, 2047, 2048, 2047, 2047,
  2048, 2047, 2048, 2047, 2048, 2048, 2048, 2048, 2048, 2047, 2047, 2048, 2048, 2048, 2048, 2048,
  2047, 2047, 2047, 2047, 2047, 2047, 2047, 2047, 2047, 2047, 2047, 2047, 2048, 2047, 2047, 2047,
  2047, 2047, 2047, 2048, 2048, 2048, 2048, 2047, 2048, 2047, 2048, 2048, 2048, 2048, 2048, 2048,
  2048, 2048, 2047, 2047, 2047, 2047, 2047, 2047, 2047, 2047, 2047, 2047, 2047, 2048, 2047, 2047,
  2048, 2047, 2047, 2047, 2048, 2048, 2047, 2047, 2047, 2047, 2047, 2047, 2047, 2047, 2047, 2047,
  2047, 2047, 2048, 2047, 2047, 2047, 2047, 2048, 2048, 2047, 2047, 2048, 2048, 2048, 2047, 2047,
  2047, 2047, 2048, 2048, 2048, 2048, 2048, 2048, 2048, 2048, 2048, 2048, 2048, 2047, 2047, 2048,
  2048, 2047, 2047, 2047, 2048, 2048, 2048, 2048, 2048, 2048, 2048, 2048, 2047, 2047, 2047, 2048,
  2048, 2048, 2048, 2048, 2048, 2048, 2048, 2048, 2048, 2048, 2048, 2048, 2048, 2047, 2047, 2047,
  2047, 2047, 2047, 2047, 2047, 2047, 2047, 2047, 2047, 2047, 2047, 2048, 2048, 2048, 2048, 2048,
  2048, 2048, 2048, 2048, 2048, 2047, 2047, 2048, 2048, 2048, 2048, 2048, 2048, 2048, 2048, 2048,
  2047, 2048, 2048, 2048, 2048, 2047, 2047, 2047, 2048, 2047, 2047, 2047, 2047, 2047, 2047, 2047,
  2047, 2047, 2047, 2047, 2047, 2047, 2047, 2048, 2048, 2048, 2048, 2048, 2047, 2047, 2047, 2047,
  2047, 2047, 2047, 2047, 2047, 2047, 2047, 2047, 2048, 2047, 2047, 2048, 2048, 2048, 2048, 2047,
  2048, 2048, 2048, 2048, 2047, 2048, 2048, 2048, 2047, 2048, 2047, 2047, 2048, 2048, 2048, 2048,
  2048, 2047, 2048, 2048, 2047, 2047, 2047, 2047, 2047, 2047, 2047, 2048, 2048, 2048, 2048, 2048,
  2048, 2048, 2048, 2047, 2047, 2047, 2048, 2048, 2048, 2047, 2047, 2048, 2047, 2047, 2047, 2047,
  2047, 2048, 2048, 2047, 2047, 2047, 2047, 2047, 2048, 2048, 2048, 2048, 2047, 2047, 2047, 2047,
  2047, 2047, 2048, 2048, 2048, 2048, 2048, 2048, 2048, 2048, 2048, 2048, 2047, 2047, 2048, 2048,
  2048, 2048, 2047, 2047, 2047, 2047, 2047, 2047, 2048, 2047, 2048, 2048, 2048, 2048, 2048, 2048,
  2048, 2047, 2047, 2047, 2047, 2048, 2048, 2048, 2047, 2047, 2047, 2048, 2048, 2047, 2047, 2048,
  2048, 2048, 2048, 2048, 2048, 2047, 2047, 2047, 2048, 2048, 2048, 2048, 2048, 2048, 2048, 2048,
  2048, 2048, 2048, 2048, 2048, 2048, 2047, 2047, 2047, 2047, 2047, 2047, 2047, 2047, 2047, 2047,
  2047, 2047, 2047, 2047, 2048, 2048, 2048, 2048, 2047, 2047, 2048, 2048, 2048, 2048, 2048, 2048,
  2048, 2047, 2047, 2047, 2047, 2047, 2047, 2047, 2047, 2048, 2048, 2048, 2048, 2048, 2048, 2047,
  2047, 2047, 2048, 2048, 2047, 2048, 2048, 2048, 2048, 2048, 2048, 2048, 2048, 2047, 2047, 2048,
  2048, 2048, 2047, 2047, 2047, 2047, 2047, 2047, 2047, 2047, 2047, 2047, 2047, 2047, 2047, 2047,
  2047, 2047, 2047, 2047, 2047, 2047, 2047, 2047, 2047, 2047, 2047, 2047, 2048, 2048, 2047, 2047,
  2047, 2048, 2047, 2047, 2048, 2048, 2048, 2048, 2047, 2047, 2047, 2047, 2047, 2047, 2048, 2048,
  2048, 2048, 2048, 2048, 2048, 2048, 2048, 2048, 2048, 2048, 2048, 2048, 2048, 2048, 2047, 2047,
  2047, 2047, 2047, 2047, 2048, 2048, 2048, 2048, 2048, 2048, 2048, 2048, 2047, 2048, 2048, 2047,
  2048, 2048, 2048, 2048, 2048, 2048, 2048, 2048, 2048, 2048, 2048, 2047, 2047, 2047, 2047, 2047,
  2047, 2047, 2047, 2047, 2047, 2047, 2048, 2048, 2048, 2048, 2048, 2048, 2047, 2047, 2048, 2047,
  2047, 2048, 2047, 2047, 2047, 2047, 2047, 2047, 2047, 2047, 2047, 2047, 2047, 2047, 2048, 2048,
  2048, 2048, 2047, 2048, 2048, 2047, 2048, 2048, 2048, 2048, 2048, 2048, 2047, 2047, 2047, 2047,
  2047, 2047, 2048, 2048, 2047, 2047, 2047, 2047, 2047, 2047, 2048, 2048, 2048, 2048, 2048, 2048,
  2048, 2048, 2048, 2048, 2048, 2048, 2048, 2047, 2047, 2047, 2048, 2048, 2048, 2048, 2047, 2047,
  2048, 2048, 2048, 2048, 2047, 2047, 2047, 2047, 2047, 2047, 2047, 2047, 2047, 2048, 2048, 2048,
  2048, 2048, 2048, 2047, 2047, 2047, 2047, 2047, 2047, 2047, 2047, 2047, 2048, 2047, 2047, 2047,
  2048, 2048, 2047, 2048, 2048, 2047, 2047, 2048, 2048, 2047, 2047, 2048, 2048, 2048, 2048, 2048,
  2048, 2048, 2048, 2048, 2047, 2048, 2048, 2047, 2048, 2047, 2047, 2048, 2047, 2048, 2048, 2048,
  2048, 2048, 2048, 2048, 2047, 2047, 2047, 2047, 2047, 2048, 2048, 2048, 2048, 2048, 2048, 2048,
  2048, 2048, 2048, 2047, 2048, 2048, 2048, 2048, 2048, 2047, 2047, 2047, 2048, 2048, 2048, 2047,
  2047, 2047, 2047, 2047, 2047, 2048, 2047, 2047, 2048, 2048, 2047, 2047, 2047, 2047, 2048, 2048,
  2048, 2048, 2047, 2047, 2047, 2047, 2047, 2047, 2047, 2047, 2047, 2047, 2047, 2047, 2047, 2047,
  2047, 2047, 2047, 2047, 2047, 2047, 2047, 2047, 2047, 2047, 2047, 2047, 2047, 2047, 2047, 2047,
  2047, 2047, 2048, 2048, 2048, 2048, 2048, 2048, 2048, 2048, 2048, 2048, 2048, 2048, 2048, 2048,
  2048, 2048, 2048, 2048, 2048, 2048, 2048, 2048, 2047, 2047, 2048, 2048, 2048, 2048, 2048, 2047,
  2048, 2047, 2048, 2048, 2048, 2048, 2048, 2048, 2048, 2048, 2048, 2048, 2048, 2047, 2047, 2047,
  2048, 2047, 2047, 2047, 2047, 2048, 2048, 2047, 2047, 2047, 2047, 2047, 2047, 2047, 2047, 2048,
  2048, 2048, 2048, 2048, 2048, 2048, 2048, 2048, 2048, 2048, 2047, 2047, 2048, 2048, 2048, 2048,
  2048, 2048, 2047, 2048, 2048, 2047, 2047, 2047, 2047, 2047, 2047, 2047, 2048, 2048, 2047, 2047,
  2048, 2047, 2047, 2047, 2048, 2048, 2048, 2048, 2048, 2048, 2048, 2047, 2047, 2048, 2047, 2047,
  2047, 2047, 2047, 2047, 2047, 2047, 2047, 2047, 2047, 2047, 2047, 2047, 2047, 2047, 2047, 2047,
  2048, 2048, 2048, 2047, 2048, 2048, 2047, 2048, 2048, 2048, 2047, 2048, 2048, 2048, 2048, 2048,
  2048, 2047, 2047, 2048, 2048, 2047, 2047, 2048, 2047, 2047, 2047, 2047, 2047, 2047, 2047, 2047,
  2048, 2048, 2048, 2047, 2047, 2047, 2047, 2047, 2048, 2047, 2047, 2048, 2048, 2048, 2047, 2047,
  2048, 2047, 2047, 2048, 2048, 2047, 2047, 2047, 2048, 2048, 2047, 2047, 2047, 2048, 2048, 2047,
  2047, 2047, 2048, 2048, 2048, 2047, 2047, 2048, 2048, 2048, 2048, 2047, 2047, 2048, 2048, 2048,
  2047, 2048, 2048, 2047, 2048, 2048, 2047, 2048, 2048, 2047, 2047, 2048, 2048, 2048, 2048, 2048,
  2048, 2047, 2047, 2048, 2048, 2048, 2048, 2046, 2046, 2047, 2049, 2048, 2046, 2047, 2048, 2049,
  2047, 2047, 2047, 2048, 2049, 2048, 2046, 2046, 2050, 2049, 2045, 2045, 2049, 2050, 2047, 2045,
  2048, 2049, 2047, 2046, 2046, 2049, 2050, 2047, 2044, 2047, 2052, 2050, 2045, 2045, 2049, 2050,
  2047, 2046, 2047, 2049, 2050, 2045, 2043, 2049, 2053, 2047, 2041, 2047, 2053, 2049, 2044, 2045,
  2051, 2050, 2044, 2042, 2051, 2055, 2047, 2039, 2045, 2054, 2053, 2043, 2043, 2051, 2051, 2044,
  2044, 2049, 2052, 2047, 2041, 2044, 2054, 2053, 2043, 2041, 2052, 2051, 2044, 2045, 2052, 2053,
  2043, 2038, 2049, 2058, 2050, 2038, 2045, 2054, 2047, 2043, 2049, 2055, 2046, 2037, 2047, 2058,
  2052, 2040, 2043, 2052, 2049, 2045, 2050, 2053, 2045, 2038, 2046, 2057, 2052, 2042, 2043, 2047,
  2049, 2050, 2051, 2051, 2044, 2040, 2048, 2056, 2054, 2044, 2037, 2043, 2057, 2056, 2045, 2041,
  2043, 2047, 2052, 2054, 2049, 2040, 2040, 2049, 2055, 2054, 2046, 2037, 2042, 2056, 2056, 2047,
  2041, 2040, 2048, 2056, 2053, 2046, 2040, 2042, 2051, 2055, 2052, 2043, 2035, 2046, 2059, 2054,
  2044, 2037, 2042, 2056, 2058, 2048, 2038, 2040, 2051, 2056, 2054, 2045, 2035, 2044, 2058, 2056,
  2045, 2037, 2041, 2055, 2058, 2047, 2039, 2042, 2049, 2053, 2055, 2046, 2036, 2045, 2057, 2056,
  2045, 2035, 2044, 2058, 2055, 2043, 2039, 2044, 2052, 2058, 2050, 2033, 2039, 2058, 2061, 2045,
  2032, 2042, 2061, 2058, 2042, 2038, 2045, 2052, 2055, 2050, 2039, 2040, 2052, 2059, 2047, 2035,
  2045, 2058, 2053, 2042, 2042, 2047, 2051, 2055, 2047, 2035, 2043, 2061, 2059, 2034, 2031, 2057,
  2065, 2046, 2031, 2040, 2056, 2060, 2048, 2033, 2038, 2059, 2065, 2042, 2026, 2048, 2068, 2054,
  2034, 2031, 2053, 2072, 2048, 2021, 2036, 2072, 2072, 2025, 2014, 2065, 2085, 2043, 2011, 2037,
  2079, 2072, 2027, 2016, 2053, 2082, 2057, 2011, 2029, 2081, 2072, 2027, 2018, 2054, 2082, 2053,
  2017, 2032, 2068, 2073, 2037, 2014, 2051, 2081, 2054, 2020, 2028, 2066, 2077, 2038, 2014, 2044,
  2080, 2067, 2017, 2015, 2073, 2083, 2036, 2008, 2041, 2090, 2068, 2011, 2016, 2071, 2091, 2030,
  1999, 2058, 2095, 2051, 1996, 2031, 2102, 2070, 2001, 2015, 2085, 2093, 2013, 1998, 2074, 2100,
  2038, 1990, 2045, 2110, 2063, 1992, 2018, 2095, 2092, 2002, 1997, 2086, 2103, 2024, 1982, 2058,
  2119, 2050, 1979, 2024, 2113, 2088, 1981, 2000, 2104, 2103, 2008, 1980, 2075, 2123, 2035, 1972,
  2042, 2124, 2064, 1972, 2026, 2117, 2080, 1983, 2003, 2107, 2100, 1999, 1986, 2089, 2113, 2004,
  1987, 2086, 2107, 2019, 1978, 2074, 2119, 2025, 1976, 2068, 2122, 2021, 1976, 2077, 2118, 2021,
  1971, 2073, 2121, 2028, 1980, 2058, 2121, 2036, 1971, 2062, 2124, 2036, 1969, 2061, 2124, 2030,
  1979, 2066, 2117, 2023, 1981, 2078, 2102, 2014, 2006, 2086, 2069, 2000, 2046, 2102, 2039, 1988,
  2060, 2101, 2036, 2001, 2053, 2100, 2047, 1986, 2052, 2110, 2039, 1987, 2057, 2116, 2032, 1977,
  2072, 2105, 2021, 2004, 2081, 2083, 2000, 2035, 2103, 2029, 2003, 2082, 2067, 2009, 2055, 2091,
  2018, 2001, 2086, 2073, 2013, 2065, 2071, 2000, 2026, 2084, 2073, 2046, 2036, 2016, 2029, 2088,
  2075, 2030, 2047, 2027, 2016, 2076, 2084, 2056, 2036, 1995, 2022, 2108, 2089, 2021, 2025, 2036,
  2031, 2063, 2089, 2052, 2026, 2024, 2024, 2070, 2092, 2052, 2032, 2018, 2013, 2077, 2103, 2047,
  2028, 2010, 2012, 2089, 2102, 2046, 2018, 2001, 2034, 2095, 2083, 2050, 2022, 1990, 2038, 2102,
  2092, 2048, 1992, 1994, 2073, 2108, 2072, 2024, 2001, 2030, 2068, 2083, 2073, 2022, 2014, 2044,
  2051, 2075, 2076, 2044, 2012, 2008, 2069, 2092, 2072, 2044, 1973, 2011, 2109, 2097, 2072, 1996,
  1950, 2080, 2126, 2088, 2037, 1921, 2015, 2153, 2117, 2057, 1920, 1959, 2156, 2139, 2068, 1947,
  1926, 2130, 2153, 2085, 1985, 1899, 2077, 2172, 2119, 1993, 1878, 2057, 2184, 2139, 1993, 1871,
  2049, 2178, 2162, 1991, 1835, 2059, 2227, 2159, 1929, 1829, 2105, 2264, 2128, 1851, 1860, 2175,
  2269, 2070, 1803, 1918, 2232, 2240, 1991, 1803, 2006, 2250, 2199, 1932, 1804, 2077, 2292, 2149,
  1828, 1840, 2191, 2310, 2050, 1743, 1929, 2296, 2270, 1932, 1732, 2042, 2354, 2196, 1817, 1776,
  2171, 2363, 2081, 1726, 1881, 2303, 2311, 1922, 1715, 2041, 2362, 2205, 1806, 1773, 2178, 2362,
  2093, 1722, 1857, 2306, 2344, 1937, 1676, 2011, 2397, 2244, 1780, 1718, 2198, 2429, 2062, 1665,
  1880, 2359, 2337, 1857, 1668, 2103, 2441, 2148, 1688, 1805, 2318, 2392, 1919, 1635, 2024, 2454,
  2236, 1714, 1710, 2263, 2468, 1995, 1617, 1922, 2416, 2345, 1785, 1634, 2156, 2498, 2134, 1612,
  1801, 2380, 2419, 1885, 1593, 2030, 2494, 2260, 1678, 1674, 2278, 2513, 2010, 1555, 1888, 2484,
  2394, 1730, 1576, 2192, 2569, 2113, 1524, 1796, 2487, 2454, 1770, 1517, 2131, 2625, 2162, 1512,
  1739, 2465, 2524, 1791, 1470, 2109, 2633, 2199, 1526, 1700, 2440, 2541, 1830, 1478, 2046, 2621,
  2273, 1535, 1650, 2415, 2573, 1879, 1445, 2007, 2644, 2302, 1545, 1612, 2385, 2606, 1924, 1440,
  1941, 2628, 2375, 1574, 1555, 2336, 2634, 1989, 1449, 1873, 2584, 2427, 1647, 1521, 2240, 2669,
  2077, 1417, 1804, 2579, 2498, 1681, 1453, 2194, 2704, 2144, 1425, 1724, 2525, 2566, 1773, 1424,
  2079, 2670, 2271, 1511, 1620, 2402, 2610, 1935, 1438, 1908, 2597, 2422, 1651, 1497, 2216, 2671,
  2147, 1474, 1690, 2463, 2593, 1875, 1435, 1929, 2611, 2420, 1668, 1508, 2145, 2649, 2231, 1540,
  1620, 2335, 2617, 2039, 1509, 1749, 2434, 2558, 1899, 1514, 1874, 2478, 2478, 1829, 1542, 1954,
  2492, 2401, 1786, 1583, 2015, 2500, 2358, 1741, 1579, 2088, 2537, 2273, 1698, 1638, 2134, 2528,
  2219, 1672, 1682, 2180, 2511, 2158, 1663, 1730, 2225, 2495, 2083, 1649, 1800, 2267, 2450, 2032,
  1648, 1841, 2327, 2433, 1943, 1613, 1924, 2427, 2384, 1804, 1590, 2072, 2533, 2255, 1637, 1652,
  2281, 2568, 2037, 1507, 1822, 2514, 2478, 1731, 1493, 2148, 2655, 2172, 1478, 1712, 2496, 2570,
  1762, 1414, 2126, 2719, 2190, 1407, 1701, 2583, 2568, 1665, 1407, 2235, 2751, 2069, 1341, 1815,
  2703, 2471, 1498, 1460, 2443, 2769, 1833, 1255, 2038, 2859, 2295, 1273, 1580, 2714, 2707, 1554,
  1249, 2313, 2930, 2016, 1159, 1847, 2875, 2461, 1330, 1452, 2609, 2785, 1648, 1238, 2265, 2884,
  2020, 1203, 1910, 2869, 2334, 1284, 1617, 2735, 2617, 1454, 1350, 2523, 2855, 1716, 1173, 2190,
  2976, 2095, 1107, 1829, 2936, 2445, 1246, 1495, 2744, 2717, 1490, 1277, 2460, 2892, 1758, 1185,
  2190, 2902, 2051, 1198, 1918, 2875, 2278, 1256, 1712, 2791, 2494, 1356, 1494, 2676, 2694, 1510,
  1318, 2455, 2865, 1767, 1165, 2203, 2961, 2035, 1127, 1907, 2961, 2341, 1173, 1612, 2866, 2605,
  1307, 1401, 2685, 2781, 1513, 1244, 2467, 2909, 1770, 1113, 2200, 3032, 2016, 1065, 1916, 3022,
  2341, 1103, 1620, 2925, 2593, 1264, 1398, 2710, 2807, 1490, 1198, 2508, 2934, 1709, 1146, 2242,
  2978, 1961, 1104, 2040, 2975, 2170, 1130, 1806, 2960, 2394, 1163, 1574, 2887, 2654, 1271, 1335,
  2701, 2877, 1532, 1107, 2438, 3047, 1805, 1025, 2128, 3071, 2129, 1056, 1800, 2999, 2444, 1156,
  1529, 2852, 2675, 1348, 1326, 2637, 2851, 1581, 1185, 2366, 2968, 1881, 1082, 2076, 3022, 2166,
  1101, 1764, 2956, 2490, 1205, 1459, 2802, 2763, 1400, 1238, 2539, 2944, 1728, 1093, 2184, 3013,
  2112, 1099, 1767, 2943, 2527, 1255, 1376, 2692, 2872, 1584, 1114, 2274, 3061, 2060, 1026, 1790,
  2993, 2554, 1233, 1317, 2687, 2956, 1635, 1041, 2165, 3099, 2220, 1047, 1617, 2899, 2728, 1382,
  1192, 2471, 2982, 1925, 1121, 1859, 2887, 2502, 1372, 1390, 2485, 2840, 1882, 1220, 1918, 2822,
  2434, 1427, 1464, 2423, 2777, 1933, 1301, 1863, 2709, 2513, 1555, 1414, 2263, 2770, 2131, 1367,
  1692, 2562, 2631, 1771, 1353, 2028, 2772, 2354, 1396, 1514, 2518, 2759, 1814, 1242, 2010, 2877,
  2338, 1280, 1530, 2683, 2758, 1564, 1214, 2334, 2945, 1973, 1122, 1893, 2964, 2402, 1181, 1507,
  2807, 2746, 1411, 1227, 2518, 2963, 1754, 1064, 2162, 3061, 2096, 1036, 1843, 3027, 2417, 1131,
  1525, 2880, 2705, 1327, 1284, 2665, 2909, 1545, 1127, 2427, 3012, 1814, 1068, 2161, 3051, 2031,
  1070, 1945, 2996, 2285, 1110, 1748, 2927, 2414, 1249, 1567, 2826, 2588, 1304, 1473, 2700, 2693,
  1441, 1339, 2615, 2786, 1538, 1249, 2490, 2908, 1642, 1139, 2386, 2999, 1786, 1058, 2210, 3042,
  2004, 1040, 1980, 3061, 2213, 1055, 1777, 3016, 2413, 1105, 1623, 2937, 2542, 1229, 1481, 2818,
  2665, 1338, 1390, 2693, 2771, 1450, 1282, 2578, 2855, 1613, 1179, 2417, 2958, 1742, 1129, 2246,
  2996, 1948, 1081, 2058, 2989, 2152, 1135, 1814, 2938, 2388, 1191, 1600, 2845, 2594, 1327, 1402,
  2665, 2792, 1535, 1215, 2425, 2948, 1817, 1095, 2113, 3013, 2158, 1117, 1760, 2893, 2497, 1324,
  1444, 2637, 2782, 1612, 1229, 2276, 2930, 2035, 1168, 1819, 2849, 2534, 1393, 1349, 2460, 2895,
  1949, 1173, 1798, 2823, 2606, 1495, 1282, 2276, 2929, 2145, 1214, 1657, 2691, 2679, 1669, 1330,
  2106, 2724, 2284, 1529, 1624, 2307, 2588, 2052, 1509, 1787, 2474, 2531, 1789, 1432, 2080, 2733,
  2248, 1381, 1614, 2613, 2699, 1618, 1244, 2279, 2935, 2025, 1128, 1848, 2933, 2443, 1212, 1482,
  2790, 2745, 1412, 1226, 2569, 2960, 1656, 1074, 2287, 3068, 1958, 1025, 1992, 3074, 2230, 1049,
  1773, 3002, 2433, 1142, 1587, 2913, 2583, 1243, 1451, 2812, 2704, 1348, 1333, 2698, 2831, 1459,
  1231, 2549, 2909, 1644, 1154, 2362, 2969, 1821, 1106, 2190, 2977, 1990, 1131, 2016, 2961, 2132,
  1131, 1900, 2947, 2252, 1157, 1777, 2927, 2377, 1154, 1656, 2935, 2493, 1183, 1524, 2877, 2641,
  1253, 1381, 2773, 2771, 1395, 1284, 2616, 2839, 1543, 1223, 2494, 2899, 1664, 1170, 2370, 2948,
  1777, 1141, 2252, 2966, 1921, 1124, 2091, 2978, 2094, 1114, 1918, 2965, 2276, 1162, 1715, 2903,
  2471, 1241, 1546, 2784, 2630, 1399, 1381, 2594, 2817, 1596, 1198, 2389, 2950, 1837, 1103, 2106,
  3007, 2153, 1108, 1757, 2912, 2514, 1309, 1410, 2619, 2833, 1651, 1170, 2216, 2966, 2128, 1172,
  1708, 2785, 2639, 1495, 1282, 2328, 2923, 2085, 1179, 1699, 2770, 2686, 1562, 1255, 2220, 2897,
  2228, 1266, 1575, 2628, 2746, 1745, 1279, 2038, 2756, 2353, 1499, 1539, 2350, 2674, 2013, 1397,
  1816, 2634, 2501, 1597, 1436, 2297, 2773, 2009, 1280, 1863, 2792, 2445, 1369, 1471, 2620, 2750,
  1603, 1248, 2334, 2908, 1907, 1150, 2033, 2951, 2178, 1166, 1783, 2900, 2433, 1199, 1581, 2860,
  2591, 1298, 1412, 2727, 2771, 1452, 1267, 2562, 2861, 1615, 1228, 2407, 2881, 1751, 1209, 2295,
  2895, 1862, 1190, 2170, 2933, 1988, 1145, 2055, 2953, 2094, 1152, 1945, 2935, 2204, 1162, 1833,
  2932, 2311, 1164, 1725, 2926, 2437, 1156, 1599, 2934, 2557, 1188, 1468, 2893, 2675, 1236, 1400,
  2795, 2740, 1357, 1320, 2695, 2804, 1459, 1255, 2588, 2875, 1563, 1200, 2462, 2924, 1703, 1170,
  2329, 2923, 1846, 1157, 2202, 2961, 1941, 1144, 2059, 2967, 2149, 1099, 1843, 2981, 2383, 1148,
  1558, 2906, 2659, 1267, 1325, 2699, 2887, 1537, 1123, 2382, 3020, 1919, 1065, 1949, 3001, 2366,
  1191, 1518, 2738, 2771, 1571, 1209, 2236, 2939, 2161, 1204, 1656, 2716, 2685, 1623, 1232, 2168,
  2929, 2208, 1218, 1604, 2723, 2721, 1572, 1225, 2237, 2945, 2127, 1167, 1703, 2801, 2618, 1463,
  1316, 2411, 2861, 1911, 1231, 1935, 2824, 2387, 1354, 1526, 2588, 2734, 1689, 1240, 2230, 2920,
  2044, 1170, 1881, 2907, 2371, 1246, 1585, 2781, 2637, 1393, 1364, 2618, 2810, 1571, 1246, 2400,
  2891, 1794, 1172, 2240, 2930, 1930, 1154, 2082, 2949, 2111, 1153, 1880, 2945, 2304, 1189, 1700,
  2857, 2492, 1272, 1558, 2783, 2580, 1348, 1471, 2725, 2649, 1404, 1404, 2656, 2746, 1458, 1295,
  2607, 2882, 1515, 1146, 2523, 3011, 1668, 1026, 2346, 3094, 1850, 986, 2138, 3146, 2054, 948,
  1929, 3131, 2289, 1002, 1698, 3036, 2520, 1124, 1466, 2902, 2726, 1292, 1288, 2713, 2864, 1497,
  1205, 2480, 2934, 1725, 1147, 2269, 2972, 1935, 1105, 2048, 2993, 2192, 1110, 1729, 2959, 2529,
  1208, 1377, 2748, 2892, 1545, 1080, 2251, 3066, 2146, 1102, 1641, 2800, 2704, 1539, 1254, 2202,
  2868, 2227, 1321, 1576, 2531, 2716, 1851, 1325, 1871, 2688, 2548, 1617, 1360, 2149, 2806, 2258,
  1357, 1536, 2562, 2801, 1781, 1186, 1994, 2930, 2397, 1267, 1448, 2619, 2841, 1705, 1172, 2129,
  2923, 2195, 1237, 1700, 2738, 2567, 1450, 1406, 2530, 2763, 1701, 1274, 2257, 2857, 1970, 1212,
  2012, 2904, 2192, 1204, 1788, 2892, 2426, 1228, 1580, 2837, 2624, 1314, 1390, 2727, 2785, 1446,
  1269, 2573, 2866, 1625, 1196, 2375, 2943, 1796, 1144, 2234, 2927, 1930, 1202, 2096, 2862, 2053,
  1259, 2020, 2817, 2072, 1301, 2011, 2800, 2101, 1281, 1984, 2840, 2152, 1221, 1897, 2918, 2272,
  1132, 1746, 3000, 2432, 1105, 1541, 2947, 2695, 1204, 1261, 2795, 2945, 1398, 1057, 2552, 3102,
  1685, 944, 2274, 3139, 1950, 1000, 2021, 3028, 2174, 1145, 1865, 2896, 2251, 1247, 1836, 2834,
  2291, 1256, 1764, 2862, 2400, 1214, 1602, 2885, 2622, 1229, 1326, 2803, 2925, 1408, 1025, 2489,
  3193, 1839, 810, 2012, 3296, 2316, 858, 1541, 3089, 2762, 1202, 1152, 2653, 3048, 1695, 1012,
  2106, 3048, 2247, 1168, 1610, 2729, 2659, 1604, 1351, 2209, 2761, 2142, 1441, 1714, 2455, 2579,
  1889, 1429, 1918, 2658, 2452, 1570, 1404, 2298, 2870, 2072, 1184, 1701, 2852, 2702, 1408, 1171,
  2425, 3058, 1974, 1029, 1786, 2984, 2616, 1290, 1254, 2535, 3012, 1865, 1012, 1915, 3064, 2482,
  1154, 1366, 2732, 2934, 1602, 1040, 2223, 3108, 2152, 999, 1673, 3016, 2650, 1206, 1273, 2693,
  2956, 1612, 1050, 2262, 3079, 2039, 1039, 1856, 3000, 2427, 1166, 1521, 2835, 2691, 1389, 1324,
  2571, 2846, 1663, 1216, 2313, 2896, 1895, 1209, 2108, 2883, 2065, 1228, 1971, 2844, 2195, 1277,
  1815, 2812, 2362, 1279, 1668, 2813, 2482, 1307, 1555, 2742, 2598, 1392, 1443, 2653, 2700, 1490,
  1330, 2550, 2827, 1589, 1208, 2443, 2934, 1721, 1110, 2263, 3034, 1937, 1025, 2051, 3051, 2157,
  1076, 1825, 2950, 2376, 1226, 1616, 2797, 2538, 1385, 1510, 2637, 2614, 1515, 1503, 2514, 2595,
  1622, 1484, 2457, 2655, 1663, 1370, 2412, 2791, 1740, 1248, 2246, 2918, 1981, 1133, 1960, 2978,
  2312, 1130, 1626, 2905, 2623, 1303, 1329, 2658, 2860, 1596, 1168, 2332, 2969, 1908, 1128, 2014,
  2944, 2240, 1189, 1702, 2816, 2537, 1374, 1434, 2604, 2740, 1630, 1269, 2307, 2898, 1954, 1170,
  1919, 2937, 2407, 1245, 1460, 2656, 2871, 1679, 1128, 2096, 2969, 2347, 1251, 1489, 2549, 2815,
  1885, 1253, 1862, 2685, 2553, 1649, 1403, 2102, 2707, 2318, 1485, 1554, 2363, 2709, 1999, 1357,
  1820, 2648, 2541, 1595, 1409, 2262, 2777, 2087, 1298, 1785, 2720, 2521, 1494, 1399, 2428, 2806,
  1858, 1214, 2044, 2894, 2224, 1229, 1688, 2820, 2537, 1333, 1454, 2678, 2739, 1486, 1262, 2514,
  2940, 1690, 1055, 2281, 3109, 1986, 965, 1916, 3128, 2367, 1032, 1583, 2976, 2642, 1236, 1372,
  2737, 2786, 1486, 1292, 2515, 2781, 1678, 1353, 2334, 2717, 1786, 1418, 2314, 2643, 1753, 1452,
  2361, 2670, 1719, 1354, 2375, 2822, 1736, 1178, 2300, 2997, 1883, 1042, 2080, 3084, 2143, 998,
  1843, 3058, 2366, 1093, 1625, 2958, 2538, 1207, 1498, 2811, 2675, 1358, 1377, 2667, 2755, 1500,
  1320, 2530, 2793, 1637, 1280, 2407, 2852, 1725, 1209, 2301, 2930, 1880, 1120, 2119, 3006, 2087,
  1058, 1884, 3027, 2355, 1102, 1585, 2946, 2636, 1251, 1319, 2708, 2918, 1518, 1106, 2385, 3042,
  1923, 1028, 1968, 3011, 2341, 1179, 1552, 2814, 2690, 1419, 1292, 2472, 2903, 1821, 1128, 2059,
  2966, 2248, 1155, 1618, 2858, 2663, 1375, 1256, 2512, 2989, 1803, 1030, 2019, 3077, 2360, 1073,
  1490, 2860, 2852, 1464, 1060, 2371, 3123, 2047, 972, 1735, 3058, 2639, 1223, 1234, 2609, 3036,
  1782, 999, 2009, 3052, 2415, 1167, 1407, 2730, 2865, 1662, 1123, 2120, 3008, 2268, 1182, 1535,
  2750, 2799, 1576, 1167, 2220, 2998, 2170, 1141, 1633, 2821, 2720, 1451, 1211, 2387, 2974, 1993,
  1109, 1816, 2898, 2535, 1334, 1347, 2571, 2893, 1754, 1124, 2087, 2982, 2242, 1164, 1627, 2836,
  2659, 1378, 1285, 2569, 2912, 1675, 1126, 2241, 3001, 2014, 1090, 1943, 2976, 2290, 1159, 1668,
  2895, 2552, 1259, 1438, 2770, 2751, 1420, 1258, 2577, 2928, 1619, 1123, 2339, 3025, 1911, 1025,
  2061, 3076, 2155, 1036, 1821, 3040, 2364, 1092, 1642, 2942, 2545, 1208, 1465, 2838, 2705, 1305,
  1310, 2734, 2865, 1425, 1169, 2580, 2977, 1609, 1089, 2370, 3017, 1852, 1059, 2143, 3029, 2036,
  1098, 1961, 2984, 2194, 1126, 1860, 2932, 2311, 1174, 1703, 2916, 2478, 1205, 1512, 2866, 2680,
  1288, 1323, 2720, 2877, 1470, 1158, 2496, 2991, 1739, 1061, 2251, 3047, 1940, 1065, 2058, 3014,
  2129, 1105, 1900, 2956, 2282, 1177, 1712, 2901, 2482, 1243, 1522, 2794, 2661, 1374, 1362, 2629,
  2814, 1556, 1222, 2422, 2911, 1798, 1141, 2179, 2975, 2011, 1117, 1962, 2973, 2251, 1122, 1717,
  2934, 2507, 1228, 1434, 2766, 2791, 1440, 1193, 2490, 2989, 1776, 1056, 2123, 3035, 2156, 1096,
  1771, 2913, 2491, 1297, 1442, 2670, 2752, 1604, 1262, 2302, 2903, 1956, 1207, 1933, 2859, 2358,
  1327, 1564, 2615, 2704, 1663, 1314, 2181, 2815, 2158, 1340, 1735, 2598, 2542, 1676, 1471, 2194,
  2642, 2125, 1533, 1790, 2380, 2446, 1907, 1642, 1972, 2373, 2316, 1862, 1709, 2005, 2407, 2307,
  1762, 1618, 2178, 2621, 2105, 1473, 1749, 2553, 2562, 1686, 1382, 2181, 2827, 2123, 1258, 1737,
  2747, 2555, 1494, 1389, 2381, 2813, 1902, 1236, 1986, 2851, 2280, 1281, 1675, 2704, 2549, 1511,
  1451, 2450, 2722, 1786, 1318, 2196, 2813, 2031, 1275, 1942, 2830, 2292, 1305, 1662, 2756, 2583,
  1407, 1389, 2601, 2835, 1606, 1173, 2353, 3006, 1894, 1037, 2046, 3081, 2208, 1029, 1750, 3012,
  2474, 1175, 1510, 2823, 2668, 1379, 1370, 2623, 2768, 1541, 1315, 2490, 2787, 1639, 1298, 2427,
  2808, 1696, 1228, 2369, 2934, 1756, 1078, 2252, 3103, 1933, 900, 2036, 3248, 2197, 823, 1731,
  3231, 2511, 928, 1448, 3074, 2745, 1133, 1280, 2826, 2858, 1369, 1231, 2651, 2841, 1510, 1264,
  2537, 2836, 1574, 1260, 2505, 2853, 1619, 1205, 2429, 2946, 1745, 1078, 2281, 3071, 1884, 1011,
  2105, 3111, 2091, 970, 1909, 3102, 2302, 1005, 1678, 3064, 2528, 1066, 1440, 2982, 2767, 1200,
  1208, 2770, 3017, 1447, 1003, 2498, 3127, 1794, 955, 2112, 3122, 2166, 1053, 1773, 2955, 2438,
  1271, 1585, 2701, 2555, 1506, 1546, 2485, 2563, 1698, 1523, 2361, 2559, 1767, 1557, 2285, 2562,
  1842, 1499, 2203, 2630, 1949, 1423, 2063, 2689, 2137, 1393, 1836, 2698, 2362, 1440, 1598, 2574,
  2640, 1600, 1340, 2363, 2858, 1892, 1164, 2001, 2952, 2310, 1167, 1572, 2836, 2726, 1409, 1178,
  2480, 3056, 1853, 983, 1955, 3095, 2430, 1093, 1400, 2821, 2926, 1500, 1037, 2316, 3107, 2091,
  1015, 1720, 2969, 2625, 1296, 1295, 2573, 2906, 1788, 1156, 2039, 2891, 2286, 1335, 1622, 2581,
  2614, 1698, 1438, 2179, 2639, 2135, 1531, 1769, 2438, 2485, 1811, 1546, 2079, 2562, 2239, 1578,
  1676, 2411, 2573, 1869, 1433, 2003, 2698, 2311, 1468, 1572, 2497, 2706, 1790, 1272, 2058, 2890,
  2286, 1251, 1555, 2719, 2762, 1548, 1183, 2320, 2998, 2013, 1073, 1855, 2985, 2438, 1199, 1476,
  2792, 2738, 1438, 1270, 2491, 2893, 1738, 1177, 2205, 2936, 2007, 1155, 1978, 2912, 2236, 1213,
  1747, 2838, 2442, 1320, 1568, 2691, 2609, 1459, 1431, 2580, 2700, 1565, 1351, 2484, 2776, 1676,
  1257, 2344, 2915, 1822, 1123, 2160, 3029, 2053, 1016, 1919, 3085, 2311, 1019, 1646, 3049, 2575,
  1084, 1402, 2958, 2804, 1217, 1200, 2766, 2983, 1452, 1034, 2522, 3102, 1692, 986, 2288, 3112,
  1888, 1000, 2132, 3062, 2052, 1060, 1978, 3034, 2174, 1055, 1870, 3072, 2300, 1009, 1710, 3084,
  2524, 1048, 1436, 2996, 2785, 1209, 1201, 2751, 3001, 1487, 1048, 2458, 3071, 1793, 1012, 2169,
  3055, 2044, 1111, 1956, 2920, 2193, 1253, 1857, 2781, 2292, 1330, 1786, 2760, 2344, 1337, 1679,
  2765, 2479, 1352, 1524, 2689, 2692, 1446, 1297, 2538, 2887, 1699, 1117, 2244, 3002, 2016, 1084,
  1907, 2989, 2319, 1173, 1617, 2839, 2615, 1332, 1357, 2627, 2864, 1610, 1109, 2301, 3073, 1990,
  973, 1864, 3089, 2511, 1101, 1291, 2812, 3057, 1555, 869, 2168, 3289, 2330, 917, 1359, 2919,
  3045, 1548, 936, 2053, 3153, 2451, 1155, 1356, 2537, 2943, 1931, 1209, 1785, 2659, 2630, 1707,
  1412, 1997, 2586, 2438, 1722, 1537, 2008, 2602, 2395, 1603, 1511, 2218, 2771, 2157, 1325, 1673,
  2655, 2697, 1595, 1254, 2279, 2930, 2062, 1169, 1782, 2866, 2553, 1321, 1361, 2621, 2898, 1648,
  1102, 2232, 3043, 2109, 1020, 1780, 3028, 2507, 1177, 1391, 2809, 2846, 1413, 1153, 2511, 3031,
  1732, 1011, 2228, 3085, 2015, 1013, 1927, 3055, 2297, 1102, 1682, 2927, 2515, 1249, 1523, 2764,
  2605, 1418, 1493, 2628, 2607, 1505, 1483, 2575, 2636, 1513, 1426, 2603, 2723, 1484, 1296, 2584,
  2880, 1565, 1153, 2451, 2986, 1729, 1068, 2282, 3044, 1908, 1025, 2078, 3096, 2066, 988, 1958,
  3074, 2225, 1016, 1772, 3057, 2373, 1085, 1639, 2960, 2528, 1147, 1523, 2909, 2607, 1230, 1425,
  2833, 2730, 1305, 1306, 2710, 2855, 1468, 1186, 2549, 2943, 1613, 1139, 2436, 2969, 1703, 1113,
  2353, 3000, 1794, 1087, 2232, 3021, 1937, 1047, 2077, 3080, 2100, 995, 1880, 3117, 2348, 979,
  1610, 3050, 2657, 1144, 1275, 2823, 2945, 1449, 1064, 2447, 3077, 1857, 1045, 2020, 2972, 2276,
  1250, 1650, 2673, 2583, 1599, 1425, 2286, 2709, 2039, 1416, 1834, 2587, 2476, 1692, 1459, 2192,
  2759, 2156, 1342, 1684, 2707, 2655, 1529, 1264, 2372, 2978, 1948, 1074, 1881, 2998, 2466, 1191,
  1410, 2699, 2873, 1631, 1108, 2165, 2990, 2241, 1186, 1563, 2704, 2752, 1663, 1222, 2112, 2863,
  2292, 1355, 1519, 2524, 2787, 1832, 1213, 1956, 2891, 2434, 1287, 1419, 2633, 2857, 1684, 1149,
  2186, 2946, 2107, 1211, 1820, 2798, 2370, 1397, 1661, 2604, 2475, 1532, 1592, 2533, 2541, 1584,
  1492, 2480, 2694, 1656, 1324, 2371, 2837, 1857, 1204, 2106, 2921, 2109, 1228, 1865, 2786, 2328,
  1406, 1718, 2587, 2389, 1581, 1736, 2479, 2309, 1612, 1837, 2504, 2229, 1544, 1861, 2622, 2262,
  1410, 1743, 2701, 2487, 1367, 1472, 2692, 2727, 1506, 1249, 2462, 2927, 1756, 1146, 2210, 2957,
  2001, 1166, 1999, 2882, 2193, 1277, 1854, 2776, 2256, 1368, 1860, 2695, 2250, 1424, 1825, 2690,
  2308, 1403, 1740, 2702, 2454, 1392, 1549, 2684, 2644, 1499, 1348, 2487, 2835, 1724, 1233, 2213,
  2875, 2023, 1217, 1958, 2833, 2256, 1311, 1718, 2720, 2480, 1450, 1490, 2558, 2710, 1651, 1259,
  2271, 2918, 2017, 1143, 1786, 2915, 2566, 1337, 1263, 2454, 3054, 1944, 997, 1786, 2993, 2666,
  1308, 1166, 2454, 3085, 2016, 1052, 1683, 2833, 2754, 1590, 1185, 2101, 2936, 2371, 1300, 1402,
  2538, 2933, 1851, 1099, 1904, 2964, 2499, 1240, 1378, 2661, 2870, 1668, 1147, 2197, 2985, 2072,
  1111, 1851, 2962, 2407, 1158, 1526, 2882, 2745, 1285, 1192, 2700, 3040, 1534, 958, 2398, 3202,
  1882, 872, 2040, 3192, 2226, 986, 1739, 3021, 2439, 1194, 1607, 2800, 2524, 1374, 1586, 2673,
  2511, 1465, 1590, 2634, 2504, 1461, 1606, 2655, 2490, 1417, 1577, 2692, 2569, 1368, 1471, 2733,
  2665, 1358, 1363, 2715, 2786, 1415, 1243, 2614, 2902, 1542, 1156, 2470, 2981, 1699, 1087, 2323,
  3012, 1859, 1084, 2148, 3010, 2038, 1093, 1981, 2998, 2191, 1146, 1832, 2909, 2349, 1231, 1706,
  2827, 2428, 1296, 1629, 2782, 2511, 1306, 1519, 2804, 2647, 1302, 1331, 2745, 2918, 1420, 1040,
  2545, 3175, 1733, 833, 2111, 3274, 2244, 853, 1580, 3119, 2743, 1141, 1146, 2718, 3091, 1638,
  921, 2167, 3170, 2207, 995, 1606, 2979, 2715, 1308, 1178, 2526, 3073, 1844, 968, 1948, 3102,
  2448, 1138, 1371, 2745, 2951, 1636, 1052, 2131, 3069, 2286, 1143, 1525, 2755, 2814, 1601, 1173,
  2180, 2941, 2223, 1265, 1625, 2621, 2675, 1743, 1314, 2067, 2814, 2287, 1361, 1573, 2587, 2729,
  1687, 1253, 2172, 2884, 2158, 1223, 1714, 2801, 2570, 1392, 1350, 2560, 2881, 1695, 1106, 2203,
  3063, 2069, 1005, 1841, 3060, 2453, 1096, 1439, 2918, 2801, 1293, 1203, 2628, 2959, 1621, 1104,
  2334, 2963, 1870, 1181, 2137, 2855, 2014, 1288, 2063, 2766, 2032, 1352, 2080, 2753, 1990, 1296,
  2123, 2886, 1952, 1135, 2106, 3029, 2084, 982, 1925, 3164, 2271, 943, 1709, 3107, 2529, 1046,
  1453, 2998, 2709, 1203, 1329, 2791, 2858, 1347, 1195, 2733, 2929, 1429, 1109, 2617, 3075, 1517,
  967, 2519, 3183, 1683, 868, 2291, 3271, 1944, 804, 2027, 3289, 2186, 852, 1779, 3196, 2433,
  927, 1569, 3110, 2604, 1053, 1390, 2971, 2791, 1171, 1235, 2840, 2913, 1340, 1109, 2666, 3011,
  1519, 1030, 2446, 3124, 1727, 941, 2271, 3151, 1934, 936, 2040, 3153, 2184, 971, 1776, 3061,
  2451, 1114, 1517, 2891, 2678, 1311, 1335, 2661, 2826, 1565, 1206, 2392, 2954, 1832, 1120, 2078,
  2982, 2230, 1132, 1658, 2868, 2663, 1396, 1243, 2470, 2978, 1929, 1111, 1829, 2904, 2574, 1434,
  1292, 2321, 2954, 2122, 1223, 1606, 2669, 2797, 1708, 1186, 1978, 2924, 2492, 1333, 1326, 2405,
  2969, 2054, 1124, 1648, 2806, 2807, 1527, 1085, 2214, 3076, 2281, 1068, 1463, 2866, 2910, 1491,
  982, 2288, 3205, 2121, 898, 1671, 3099, 2666, 1154, 1215, 2748, 3024, 1533, 992, 2353, 3133,
  1943, 967, 1969, 3099, 2258, 1056, 1722, 2971, 2478, 1191, 1531, 2836, 2628, 1336, 1429, 2685,
  2703, 1462, 1382, 2581, 2735, 1580, 1329, 2470, 2795, 1681, 1266, 2369, 2887, 1768, 1165, 2246,
  2990, 1930, 1069, 2069, 3012, 2164, 1105, 1803, 2941, 2380, 1243, 1666, 2751, 2434, 1457, 1689,
  2568, 2343, 1538, 1849, 2584, 2182, 1425, 1928, 2803, 2195, 1163, 1808, 3035, 2431, 1017, 1495,
  3050, 2797, 1110, 1153, 2869, 3039, 1381, 1002, 2579, 3075, 1624, 1072, 2385, 2969, 1759, 1161,
  2290, 2934, 1843, 1147, 2211, 2971, 1971, 1091, 2013, 3030, 2207, 1085, 1740, 2941, 2485, 1263,
  1507, 2690, 2652, 1541, 1429, 2375, 2652, 1888, 1469, 2065, 2556, 2149, 1633, 1837, 2351, 2336,
  1866, 1691, 2084, 2440, 2163, 1671, 1728, 2368, 2546, 1858, 1397, 2023, 2813, 2303, 1297, 1519,
  2706, 2823, 1575, 1104, 2248, 3097, 2112, 1035, 1707, 2920, 2630, 1387, 1355, 2403, 2737, 1990,
  1507, 1878, 2349, 2372, 1993, 1721, 1841, 2284, 2485, 1977, 1482, 1886, 2690, 2462, 1459, 1390,
  2506, 2905, 1750, 1091, 2161, 3056, 2094, 1032, 1851, 3040, 2377, 1079, 1607, 2982, 2583, 1149,
  1426, 2916, 2755, 1208, 1241, 2843, 2959, 1303, 1038, 2706, 3136, 1485, 891, 2495, 3243, 1725,
  831, 2241, 3254, 1976, 880, 2013, 3169, 2150, 978, 1903, 3090, 2219, 1019, 1847, 3062, 2300,
  1041, 1731, 3030, 2444, 1103, 1575, 2956, 2570, 1198, 1496, 2860, 2631, 1280, 1449, 2781, 2681,
  1325, 1381, 2760, 2764, 1350, 1267, 2711, 2897, 1450, 1132, 2560, 3016, 1624, 1056, 2391, 3052,
  1774, 1030, 2246, 3091, 1934, 964, 2049, 3163, 2168, 932, 1788, 3131, 2458, 1033, 1493, 2953,
  2729, 1263, 1276, 2710, 2877, 1504, 1180, 2477, 2929, 1727, 1168, 2253, 2933, 1942, 1165, 2025,
  2915, 2199, 1206, 1741, 2814, 2513, 1385, 1433, 2539, 2776, 1751, 1255, 2104, 2846, 2227, 1304,
  1635, 2664, 2660, 1618, 1302, 2206, 2846, 2176, 1296, 1626, 2653, 2713, 1669, 1242, 2111, 2888,
  2296, 1303, 1527, 2615, 2777, 1706, 1226, 2131, 2898, 2193, 1269, 1710, 2715, 2550, 1507, 1450,
  2436, 2725, 1798, 1347, 2168, 2757, 2054, 1330, 1941, 2753, 2262, 1360, 1723, 2706, 2479, 1434,
  1514, 2625, 2674, 1509, 1348, 2526, 2838, 1642, 1180, 2361, 2990, 1848, 1051, 2126, 3052, 2085,
  1064, 1922, 3003, 2240, 1138, 1806, 2909, 2323, 1221, 1742, 2854, 2376, 1252, 1694, 2837, 2428,
  1275, 1639, 2817, 2507, 1279, 1546, 2802, 2607, 1311, 1413, 2746, 2768, 1404, 1237, 2630, 2937,
  1548, 1089, 2432, 3071, 1790, 982, 2152, 3119, 2095, 1000, 1851, 3037, 2372, 1137, 1635, 2870,
  2513, 1312, 1527, 2703, 2610, 1460, 1442, 2557, 2695, 1605, 1365, 2407, 2776, 1773, 1288, 2229,
  2818, 1975, 1260, 1993, 2832, 2223, 1285, 1742, 2762, 2470, 1408, 1509, 2583, 2686, 1625, 1354,
  2318, 2779, 1923, 1292, 2026, 2795, 2213, 1328, 1748, 2703, 2494, 1485, 1458, 2505, 2760, 1742,
  1248, 2166, 2915, 2127, 1178, 1749, 2884, 2567, 1318, 1333, 2602, 2948, 1692, 1056, 2160, 3073,
  2197, 1064, 1654, 2899, 2664, 1380, 1291, 2467, 2872, 1895, 1237, 1949, 2747, 2353, 1521, 1599,
  2363, 2574, 1934, 1509, 1961, 2546, 2304, 1637, 1648, 2342, 2559, 1877, 1480, 2072, 2645, 2144,
  1458, 1836, 2604, 2361, 1521, 1649, 2525, 2542, 1617, 1466, 2401, 2701, 1781, 1332, 2215, 2801,
  1986, 1266, 1996, 2830, 2201, 1266, 1798, 2822, 2369, 1303, 1658, 2751, 2488, 1393, 1560, 2656,
  2585, 1475, 1483, 2572, 2648, 1568, 1425, 2490, 2699, 1655, 1367, 2406, 2754, 1726, 1314, 2331,
  2822, 1805, 1248, 2235, 2878, 1916, 1182, 2115, 2943, 2068, 1129, 1944, 2982, 2240, 1110, 1760,
  2996, 2431, 1122, 1571, 2934, 2619, 1212, 1401, 2797, 2759, 1397, 1299, 2594, 2827, 1599, 1241,
  2426, 2855, 1735, 1265, 2315, 2807, 1808, 1305, 2255, 2798, 1853, 1284, 2227, 2826, 1906, 1246,
  2122, 2876, 2057, 1204, 1955, 2893, 2231, 1218, 1770, 2852, 2408, 1288, 1603, 2752, 2571, 1391,
  1457, 2639, 2708, 1521, 1323, 2488, 2841, 1702, 1173, 2281, 2989, 1964, 1047, 1933, 3087, 2359,
  1029, 1505, 2971, 2822, 1281, 1074, 2553, 3178, 1835, 853, 1915, 3189, 2534, 1057, 1252, 2746,
  3062, 1712, 965, 1951, 3052, 2545, 1244, 1258, 2501, 3020, 1992, 1043, 1699, 2927, 2738, 1425,
  1139, 2274, 3053, 2228, 1111, 1499, 2772, 2905, 1600, 1035, 2156, 3110, 2290, 1054, 1514, 2879,
  2848, 1443, 1071, 2387, 3123, 1979, 959, 1852, 3107, 2487, 1061, 1420, 2908, 2839, 1356, 1130,
  2557, 3060, 1735, 996, 2158, 3124, 2103, 984, 1871, 3043, 2350, 1119, 1638, 2940, 2516, 1210,
  1528, 2836, 2635, 1287, 1414, 2762, 2750, 1383, 1267, 2665, 2882, 1508, 1166, 2493, 2977, 1681,
  1099, 2325, 3001, 1877, 1079, 2125, 3044, 2023, 1028, 2027, 3072, 2129, 1033, 1877, 3048, 2328,
  1045, 1650, 3032, 2570, 1113, 1385, 2911, 2836, 1250, 1170, 2734, 2996, 1513, 1005, 2431, 3143,
  1806, 959, 2105, 3110, 2138, 1042, 1836, 2963, 2367, 1205, 1664, 2808, 2452, 1385, 1621, 2644,
  2476, 1477, 1640, 2609, 2466, 1470, 1591, 2665, 2548, 1419, 1469, 2655, 2762, 1482, 1199, 2518,
  3026, 1720, 961, 2197, 3211, 2096, 866, 1785, 3182, 2552, 993, 1312, 2991, 2963, 1271, 1002,
  2591, 3194, 1749, 853, 2098, 3217, 2255, 960, 1598, 3008, 2688, 1274, 1253, 2604, 2938, 1734,
  1132, 2094, 2949, 2226, 1238, 1662, 2713, 2614, 1554, 1364, 2346, 2809, 1950, 1289, 1929, 2753,
  2373, 1453, 1556, 2472, 2662, 1819, 1392, 2051, 2678, 2253, 1502, 1663, 2453, 2575, 1804, 1431,
  2103, 2730, 2185, 1378, 1713, 2654, 2577, 1530, 1380, 2415, 2818, 1846, 1206, 2064, 2920, 2199,
  1188, 1732, 2848, 2522, 1318, 1448, 2681, 2756, 1537, 1236, 2415, 2926, 1792, 1133, 2172, 2957,
  2044, 1147, 1941, 2933, 2248, 1182, 1758, 2903, 2427, 1211, 1588, 2844, 2589, 1301, 1423, 2741,
  2732, 1408, 1307, 2617, 2834, 1531, 1226, 2510, 2896, 1622, 1180, 2417, 2926, 1747, 1123, 2311,
  3012, 1812, 1086, 2226, 3021, 1926, 1068, 2129, 3038, 2007, 1045, 2053, 3060, 2121, 1020, 1904,
  3120, 2247, 993, 1801, 3072, 2377, 1069, 1648, 2988, 2521, 1140, 1524, 2917, 2614, 1236, 1426,
  2836, 2711, 1290, 1378, 2735, 2761, 1438, 1281, 2594, 2858, 1548, 1202, 2509, 2901, 1630, 1164,
  2402, 2985, 1740, 1081, 2264, 3024, 1947, 1039, 2046, 3059, 2132, 1050, 1877, 3010, 2277, 1117,
  1742, 2946, 2412, 1179, 1613, 2872, 2578, 1242, 1417, 2825, 2768, 1349, 1227, 2628, 2969, 1592,
  1054, 2365, 3075, 1862, 1013, 2075, 3078, 2179, 1024, 1773, 3011, 2474, 1195, 1463, 2777, 2764,
  1461, 1247, 2461, 2901, 1827, 1164, 2056, 2940, 2236, 1198, 1666, 2799, 2620, 1449, 1332, 2451,
  2862, 1887, 1218, 1943, 2850, 2395, 1378, 1521, 2490, 2702, 1862, 1389, 1962, 2611, 2350, 1663,
  1620, 2189, 2541, 2115, 1621, 1780, 2327, 2486, 1921, 1544, 1960, 2572, 2346, 1593, 1559, 2333,
  2696, 1924, 1335, 1946, 2771, 2372, 1359, 1531, 2604, 2757, 1643, 1209, 2253, 2948, 2063, 1137,
  1812, 2909, 2482, 1248, 1427, 2723, 2801, 1521, 1188, 2405, 3004, 1860, 1056, 2060, 3031, 2240,
  1103, 1671, 2928, 2580, 1248, 1395, 2748, 2785, 1475, 1236, 2506, 2908, 1705, 1183, 2270, 2917,
  1935, 1196, 2062, 2887, 2109, 1230, 1930, 2836, 2217, 1278, 1827, 2806, 2330, 1302, 1697, 2787,
  2468, 1316, 1550, 2754, 2617, 1390, 1420, 2643, 2733, 1505, 1317, 2539, 2815, 1612, 1248, 2426,
  2870, 1725, 1204, 2323, 2909, 1822, 1190, 2219, 2910, 1915, 1201, 2132, 2881, 2023, 1204, 2024,
  2894, 2113, 1195, 1944, 2916, 2194, 1183, 1847, 2908, 2313, 1208, 1717, 2871, 2440, 1236, 1595,
  2815, 2553, 1298, 1486, 2764, 2649, 1387, 1384, 2655, 2773, 1490, 1283, 2543, 2857, 1624, 1208,
  2388, 2905, 1780, 1183, 2248, 2906, 1919, 1188, 2102, 2918, 2060, 1185, 1978, 2908, 2188, 1202,
  1839, 2879, 2325, 1229, 1687, 2841, 2486, 1287, 1528, 2729, 2653, 1440, 1364, 2568, 2797, 1638,
  1226, 2349, 2942, 1858, 1112, 2098, 2998, 2147, 1128, 1786, 2905, 2456, 1269, 1527, 2704, 2671,
  1513, 1339, 2450, 2795, 1811, 1271, 2111, 2849, 2129, 1260, 1811, 2785, 2434, 1383, 1527, 2604,
  2682, 1635, 1290, 2274, 2908, 2004, 1169, 1847, 2910, 2503, 1253, 1401, 2653, 2894, 1684, 1049,
  2167, 3069, 2234, 1107, 1544, 2850, 2775, 1491, 1177, 2294, 3010, 2084, 1127, 1741, 2824, 2597,
  1471, 1358, 2346, 2796, 2048, 1351, 1778, 2586, 2536, 1739, 1445, 2077, 2671, 2287, 1530, 1575,
  2372, 2681, 1955, 1378, 1862, 2679, 2471, 1560, 1436, 2315, 2810, 2012, 1259, 1816, 2789, 2533,
  1420, 1379, 2454, 2846, 1898, 1188, 1933, 2856, 2408, 1359, 1458, 2571, 2776, 1726, 1251, 2118,
  2883, 2184, 1237, 1712, 2761, 2577, 1453, 1351, 2475, 2875, 1815, 1146, 2051, 2972, 2272, 1163,
  1621, 2835, 2658, 1390, 1315, 2553, 2843, 1706, 1213, 2236, 2914, 1972, 1178, 2000, 2900, 2250,
  1188, 1685, 2901, 2560, 1251, 1383, 2742, 2859, 1499, 1120, 2436, 3065, 1835, 1010, 2069, 3078,
  2236, 1058, 1673, 2970, 2593, 1255, 1347, 2656, 2902, 1636, 1120, 2247, 2964, 2091, 1196, 1793,
  2785, 2437, 1459, 1573, 2489, 2553, 1725, 1533, 2258, 2581, 1910, 1499, 2089, 2617, 2149, 1443,
  1823, 2634, 2399, 1562, 1542, 2397, 2693, 1849, 1342, 2049, 2751, 2248, 1370, 1698, 2627, 2519,
  1604, 1453, 2356, 2733, 1880, 1307, 2033, 2804, 2273, 1330, 1616, 2619, 2656, 1691, 1325, 2154,
  2768, 2187, 1419, 1714, 2501, 2499, 1799, 1555, 2104, 2524, 2151, 1650, 1820, 2320, 2400, 1893,
  1632, 2054, 2463, 2249, 1666, 1682, 2289, 2547, 2028, 1474, 1851, 2543, 2484, 1726, 1456, 2137,
  2650, 2250, 1507, 1630, 2410, 2585, 1960, 1455, 1903, 2534, 2382, 1779, 1574, 2098, 2490, 2215,
  1770, 1711, 2120, 2387, 2201, 1834, 1727, 2088, 2366, 2224, 1855, 1710, 2081, 2365, 2213, 1879,
  1744, 2042, 2311, 2236, 1941, 1754, 1973, 2272, 2286, 2009, 1749, 1890, 2234, 2336, 2075, 1753,
  1830, 2203, 2352, 2111, 1777, 1812, 2177, 2323, 2113, 1841, 1841, 2135, 2254, 2107, 1931, 1879,
  2073, 2191, 2120, 2013, 1902, 2000, 2151, 2163, 2064, 1878, 1944, 2164, 2200, 2066, 1862, 1929,
  2184, 2199, 2033, 1884, 1968, 2184, 2143, 1995, 1969, 2032, 2107, 2057, 2025, 2088, 2043, 1981,
  2020, 2121, 2155, 1980, 1896, 2068, 2193, 2119, 1942, 1913, 2090, 2182, 2081, 1961, 1962, 2073,
  2136, 2065, 1999, 2002, 2051, 2104, 2061, 2008, 2028, 2065, 2078, 2038, 2010, 2041, 2089, 2080,
  2014, 1993, 2058, 2106, 2061, 2005, 2022, 2070, 2074, 2036, 2033, 2054, 2053, 2036, 2034, 2068,
  2070, 2027, 2013, 2046, 2085, 2076, 2017, 1997, 2051, 2107, 2082, 1983, 1981, 2098, 2129, 2036,
  1956, 2016, 2132, 2098, 1989, 1986, 2078, 2118, 2030, 1981, 2055, 2103, 2054, 1996, 2033, 2102,
  2067, 2000, 2017, 2087, 2092, 2012, 1996, 2071, 2104, 2047, 1993, 2031, 2092, 2075, 2021, 2018,
  2061, 2075, 2048, 2027, 2039, 2065, 2061, 2033, 2031, 2062, 2070, 2038, 2021, 2047, 2079, 2063,
  2012, 2016, 2079, 2091, 2034, 1994, 2040, 2102, 2071, 2001, 2012, 2080, 2093, 2027, 1993, 2058,
  2107, 2049, 1985, 2034, 2113, 2076, 1988, 2002, 2097, 2108, 2011, 1979, 2062, 2117, 2053, 1980,
  2025, 2104, 2083, 2006, 2005, 2075, 2091, 2032, 2007, 2053, 2085, 2051, 2014, 2035, 2080, 2068,
  2018, 2022, 2070, 2083, 2034, 2000, 2046, 2101, 2075, 1996, 1994, 2085, 2118, 2033, 1966, 2033,
  2126, 2085, 1982, 1993, 2098, 2112, 2016, 1981, 2066, 2115, 2041, 1983, 2043, 2111, 2059, 1986,
  2032, 2105, 2073, 1994, 2015, 2100, 2083, 1999, 2006, 2094, 2097, 2003, 1988, 2086, 2116, 2013,
  1970, 2070, 2131, 2038, 1957, 2042, 2137, 2067, 1958, 2009, 2130, 2100, 1974, 1983, 2107, 2118,
  2004, 1975, 2077, 2119, 2029, 1984, 2060, 2106, 2038, 1992, 2057, 2103, 2039, 1991, 2053, 2107,
  2047, 1985, 2037, 2107, 2069, 1998, 2020, 2088, 2082, 2023, 2018, 2061, 2069, 2044, 2040, 2050,
  2041, 2041, 2064, 2062, 2025, 2019, 2069, 2089, 2031, 1997, 2056, 2106, 2052, 1985, 2031, 2110,
  2077, 1991, 2005, 2096, 2102, 2012, 1987, 2067, 2111, 2044, 1985, 2033, 2104, 2075, 1999, 2008,
  2082, 2093, 2026, 1997, 2056, 2098, 2051, 1999, 2028, 2092, 2081, 2007, 2001, 2080, 2105, 2027,
  1978, 2054, 2123, 2057, 1971, 2017, 2123, 2099, 1979, 1979, 2102, 2132, 2013, 1954, 2062, 2142,
  2055, 1959, 2022, 2126, 2088, 1987, 1999, 2090, 2095, 2021, 2007, 2062, 2077, 2039, 2032, 2058,
  2051, 2031, 2054, 2074, 2040, 2013, 2053, 2092, 2049, 1996, 2038, 2101, 2069, 1996, 2018, 2094,
  2083, 2012, 2010, 2075, 2084, 2025, 2016, 2066, 2073, 2029, 2025, 2068, 2067, 2022, 2025, 2074,
  2074, 2020, 2018, 2075, 2078, 2023, 2016, 2066, 2078, 2028, 2019, 2067, 2075, 2028, 2019, 2070,
  2074, 2023, 2021, 2075, 2078, 2016, 2013, 2083, 2088, 2012, 1999, 2082, 2104, 2016, 1981, 2070,
  2122, 2038, 1969, 2044, 2124, 2066, 1976, 2014, 2111, 2091, 1996, 1998, 2085, 2099, 2023, 1998,
  2060, 2095, 2049, 2005, 2037, 2085, 2067, 2021, 2023, 2064, 2078, 2043, 2014, 2038, 2081, 2073,
  2023, 2012, 2059, 2092, 2052, 2003, 2030, 2088, 2082, 2018, 2005, 2067, 2095, 2043, 2000, 2041,
  2090, 2061, 2016, 2029, 2068, 2063, 2035, 2038, 2051, 2048, 2045, 2057, 2052, 2028, 2035, 2073,
  2070, 2019, 2011, 2071, 2094, 2030, 1991, 2052, 2105, 2055, 1987, 2026, 2100, 2075, 2002, 2016,
  2086, 2081, 2012, 2013, 2081, 2083, 2015, 2008, 2080, 2092, 2018, 1998, 2070, 2100, 2033, 1993,
  2050, 2102, 2054, 1997, 2035, 2093, 2065, 2007, 2028, 2084, 2067, 2013, 2027, 2081, 2069, 2013,
  2022, 2079, 2079, 2018, 2009, 2072, 2091, 2034, 2001, 2051, 2097, 2056, 2006, 2031, 2080, 2072,
  2024, 2022, 2062, 2072, 2041, 2024, 2051, 2067, 2047, 2031, 2048, 2063, 2046, 2031, 2051, 2067,
  2044, 2023, 2050, 2078, 2051, 2014, 2034, 2082, 2072, 2016, 2016, 2074, 2086, 2030, 2004, 2055,
  2093, 2049, 2002, 2037, 2090, 2066, 2006, 2021, 2083, 2077, 2019, 2013, 2068, 2085, 2031, 2008,
  2056, 2086, 2047, 2010, 2040, 2082, 2062, 2017, 2026, 2069, 2072, 2037, 2022, 2045, 2072, 2060,
  2027, 2021, 2057, 2084, 2051, 2005, 2024, 2088, 2092, 2016, 1984, 2063, 2126, 2054, 1965, 2017,
  2128, 2103, 1977, 1972, 2102, 2138, 2013, 1948, 2060, 2149, 2057, 1950, 2020, 2139, 2090, 1968,
  1994, 2116, 2111, 1991, 1979, 2091, 2120, 2017, 1973, 2067, 2119, 2034, 1979, 2054, 2115, 2047,
  1983, 2050, 2113, 2048, 1981, 2047, 2121, 2053, 1968, 2034, 2132, 2073, 1962, 2008, 2129, 2100,
  1970, 1986, 2115, 2114, 1992, 1977, 2095, 2121, 2007, 1975, 2081, 2119, 2019, 1974, 2075, 2124,
  2022, 1967, 2068, 2133, 2032, 1957, 2054, 2141, 2050, 1950, 2032, 2141, 2074, 1955, 2009, 2134,
  2095, 1967, 1989, 2120, 2112, 1983, 1977, 2101, 2123, 2002, 1966, 2086, 2133, 2019, 1960, 2065,
  2137, 2040, 1956, 2043, 2135, 2067, 1967, 2015, 2120, 2090, 1986, 1997, 2099, 2103, 2009, 1992,
  2075, 2103, 2024, 1994, 2068, 2098, 2030, 1996, 2063, 2105, 2037, 1987, 2049, 2113, 2058, 1983,
  2029, 2108, 2078, 1993, 2010, 2096, 2090, 2007, 2001, 2081, 2099, 2023, 1992, 2063, 2105, 2041,
  1991, 2046, 2102, 2057, 1999, 2034, 2090, 2065, 2012, 2029, 2078, 2063, 2019, 2034, 2074, 2059,
  2018, 2037, 2083, 2056, 2007, 2038, 2093, 2063, 1998, 2025, 2102, 2079, 1992, 2005, 2103, 2102,
  1993, 1982, 2094, 2122, 2008, 1960, 2076, 2144, 2030, 1944, 2051, 2153, 2059, 1939, 2020, 2156,
  2092, 1940, 1987, 2149, 2126, 1958, 1952, 2122, 2156, 1994, 1934, 2079, 2162, 2038, 1936, 2038,
  2148, 2070, 1960, 2013, 2121, 2086, 1983, 2007, 2099, 2087, 2006, 2011, 2083, 2080, 2017, 2019,
  2075, 2075, 2018, 2021, 2082, 2073, 2011, 2017, 2088, 2091, 2008, 1993, 2081, 2114, 2026, 1973,
  2052, 2125, 2061, 1971, 2014, 2114, 2096, 1992, 1988, 2088, 2111, 2023, 1984, 2059, 2108, 2047,
  1993, 2040, 2097, 2063, 2005, 2030, 2082, 2068, 2023, 2028, 2067, 2066, 2035, 2034, 2056, 2058,
  2042, 2041, 2054, 2051, 2038, 2045, 2057, 2051, 2034, 2040, 2058, 2057, 2039, 2033, 2050, 2062,
  2050, 2034, 2039, 2059, 2058, 2041, 2038, 2047, 2056, 2050, 2043, 2045, 2047, 2049, 2051, 2052,
  2042, 2036, 2051, 2063, 2047, 2031, 2044, 2062, 2057, 2039, 2037, 2052, 2057, 2046, 2043, 2046,
  2046, 2048, 2054, 2056, 2042, 2030, 2051, 2076, 2055, 2014, 2025, 2080, 2086, 2022, 1996, 2060,
  2107, 2052, 1983, 2024, 2108, 2086, 1998, 1996, 2083, 2108, 2025, 1983, 2058, 2112, 2049, 1987,
  2037, 2103, 2066, 1996, 2024, 2094, 2072, 2006, 2023, 2086, 2073, 2012, 2023, 2086, 2076, 2007,
  2018, 2089, 2083, 2006, 2005, 2087, 2096, 2012, 1993, 2075, 2107, 2028, 1989, 2059, 2101, 2042,
  2000, 2052, 2089, 2039, 2007, 2061, 2089, 2028, 1997, 2072, 2108, 2023, 1975, 2068, 2132, 2035,
  1951, 2047, 2155, 2063, 1932, 2014, 2165, 2100, 1929, 1972, 2161, 2145, 1943, 1929, 2133, 2188,
  1987, 1892, 2081, 2209, 2046, 1889, 2016, 2196, 2108, 1918, 1966, 2150, 2144, 1973, 1947, 2098,
  2143, 2020, 1962, 2059, 2122, 2044, 1985, 2046, 2097, 2049, 2008, 2048, 2080, 2044, 2018, 2057,
  2077, 2033, 2017, 2067, 2083, 2025, 2005, 2069, 2099, 2029, 1986, 2059, 2115, 2047, 1976, 2036,
  2119, 2070, 1983, 2017, 2105, 2086, 1999, 2008, 2088, 2086, 2014, 2008, 2080, 2083, 2013, 2012,
  2080, 2084, 2013, 2008, 2084, 2092, 2010, 1994, 2085, 2110, 2013, 1977, 2076, 2129, 2031, 1957,
  2049, 2141, 2064, 1953, 2010, 2137, 2101, 1969, 1977, 2108, 2132, 2006, 1954, 2068, 2142, 2049,
  1958, 2025, 2128, 2085, 1979, 1997, 2102, 2108, 2008, 1982, 2074, 2116, 2035, 1978, 2045, 2116,
  2066, 1985, 2014, 2101, 2091, 2005, 1997, 2078, 2101, 2029, 1993, 2056, 2101, 2046, 1999, 2041,
  2091, 2060, 2007, 2029, 2081, 2069, 2018, 2022, 2073, 2070, 2030, 2028, 2058, 2063, 2043, 2042,
  2050, 2044, 2041, 2059, 2063, 2028, 2019, 2068, 2090, 2030, 1991, 2057, 2116, 2051, 1973, 2031,
  2124, 2079, 1975, 2004, 2117, 2101, 1983, 1987, 2106, 2116, 1992, 1968, 2097, 2138, 2007, 1946,
  2075, 2160, 2036, 1931, 2042, 2164, 2075, 1937, 2002, 2147, 2108, 1962, 1977, 2118, 2122, 1993,
  1974, 2089, 2119, 2015, 1985, 2077, 2106, 2022, 1990, 2075, 2106, 2022, 1987, 2070, 2113, 2031,
  1980, 2057, 2116, 2046, 1980, 2042, 2112, 2061, 1985, 2026, 2105, 2071, 1994, 2018, 2096, 2080,
  2002, 2013, 2086, 2081, 2013, 2011, 2080, 2083, 2015, 2007, 2077, 2092, 2020, 1997, 2067, 2102,
  2038, 1989, 2045, 2106, 2061, 1993, 2023, 2093, 2082, 2011, 2004, 2073, 2093, 2034, 2004, 2047,
  2084, 2059, 2020, 2029, 2065, 2068, 2038, 2030, 2052, 2061, 2047, 2038, 2046, 2056, 2049, 2039,
  2048, 2056, 2047, 2039, 2046, 2059, 2052, 2037, 2042, 2057, 2056, 2038, 2038, 2058, 2059, 2038,
  2033, 2058, 2066, 2040, 2028, 2052, 2069, 2047, 2028, 2044, 2064, 2053, 2036, 2043, 2053, 2049,
  2046, 2052, 2050, 2034, 2040, 2069, 2066, 2024, 2018, 2067, 2089, 2037, 1996, 2044, 2102, 2065,
  1994, 2017, 2095, 2088, 2008, 2000, 2077, 2099, 2029, 1994, 2058, 2100, 2044, 1999, 2045, 2093,
  2054, 2004, 2037, 2089, 2061, 2010, 2031, 2084, 2065, 2015, 2029, 2078, 2068, 2020, 2029, 2070,
  2067, 2031, 2028, 2062, 2065, 2035, 2035, 2059, 2055, 2038, 2042, 2057, 2050, 2034, 2049, 2064,
  2043, 2026, 2051, 2074, 2046, 2014, 2046, 2086, 2055, 2008, 2034, 2088, 2066, 2009, 2023, 2087,
  2080, 2009, 2009, 2082, 2095, 2018, 1992, 2070, 2110, 2035, 1980, 2049, 2118, 2060, 1978, 2019,
  2113, 2092, 1991, 1989, 2092, 2117, 2020, 1972, 2057, 2125, 2058, 1970, 2018, 2119, 2094, 1984,
  1982, 2097, 2126, 2014, 1958, 2059, 2142, 2058, 1955, 2012, 2132, 2102, 1975, 1977, 2098, 2127,
  2018, 1966, 2057, 2124, 2054, 1983, 2030, 2099, 2072, 2009, 2023, 2076, 2071, 2029, 2028, 2060,
  2063, 2042, 2039, 2050, 2049, 2048, 2055, 2050, 2032, 2042, 2073, 2063, 2019, 2021, 2078, 2088,
  2020, 1998, 2069, 2106, 2034, 1984, 2052, 2115, 2053, 1978, 2032, 2118, 2072, 1977, 2013, 2117,
  2090, 1982, 1996, 2109, 2107, 1990, 1981, 2098, 2119, 2004, 1970, 2085, 2129, 2016, 1961, 2070,
  2140, 2034, 1948, 2049, 2151, 2061, 1941, 2016, 2152, 2096, 1950, 1984, 2132, 2123, 1978, 1964,
  2099, 2133, 2012, 1964, 2070, 2124, 2033, 1979, 2057, 2111, 2041, 1989, 2051, 2103, 2048, 1993,
  2044, 2100, 2053, 1997, 2038, 2093, 2058, 2004, 2037, 2088, 2058, 2008, 2039, 2088, 2053, 2006,
  2043, 2093, 2055, 1997, 2036, 2101, 2067, 1994, 2020, 2100, 2082, 2000, 2007, 2090, 2095, 2011,
  1995, 2078, 2104, 2024, 1989, 2065, 2105, 2035, 1989, 2055, 2110, 2043, 1981, 2046, 2116, 2059,
  1976, 2021, 2118, 2087, 1983, 1996, 2101, 2105, 2008, 1987, 2074, 2109, 2031, 1991, 2055, 2099,
  2047, 1999, 2041, 2093, 2062, 2007, 2026, 2082, 2074, 2024, 2021, 2060, 2073, 2046, 2030, 2042,
  2056, 2056, 2049, 2041, 2037, 2047, 2063, 2057, 2028, 2026, 2065, 2079, 2036, 2008, 2048, 2093,
  2061, 2002, 2022, 2090, 2087, 2014, 2000, 2070, 2102, 2038, 1990, 2045, 2103, 2063, 1997, 2022,
  2089, 2081, 2017, 2011, 2065, 2082, 2039, 2020, 2050, 2064, 2045, 2041, 2057, 2046, 2029, 2050,
  2076, 2047, 2007, 2039, 2095, 2067, 1995, 2011, 2099, 2101, 2003, 1979, 2078, 2128, 2032, 1962,
  2045, 2130, 2069, 1971, 2011, 2113, 2094, 1997, 1995, 2083, 2100, 2025, 2000, 2059, 2090, 2044,
  2013, 2048, 2074, 2049, 2028, 2048, 2064, 2046, 2035, 2051, 2060, 2044, 2036, 2050, 2057, 2045,
  2041, 2053, 2052, 2039, 2045, 2061, 2053, 2031, 2039, 2067, 2063, 2028, 2026, 2064, 2073, 2035,
  2019, 2054, 2077, 2047, 2019, 2045, 2074, 2055, 2024, 2036, 2070, 2061, 2029, 2031, 2060, 2066,
  2039, 2030, 2050, 2065, 2051, 2031, 2041, 2059, 2058, 2042, 2034, 2048, 2061, 2050, 2034, 2042,
  2057, 2054, 2041, 2039, 2053, 2055, 2041, 2043, 2056, 2055, 2035, 2036, 2066, 2065, 2029, 2020,
  2065, 2085, 2032, 2002, 2055, 2100, 2051, 1988, 2034, 2108, 2074, 1991, 2007, 2100, 2099, 2002,
  1989, 2083, 2111, 2023, 1982, 2061, 2112, 2043, 1988, 2045, 2100, 2054, 2002, 2041, 2089, 2051,
  2008, 2046, 2089, 2047, 2003, 2049, 2094, 2050, 1999, 2039, 2098, 2062, 1999, 2028, 2092, 2071,
  2011, 2023, 2077, 2072, 2025, 2026, 2064, 2063, 2032, 2040, 2063, 2048, 2027, 2054, 2075, 2038,
  2012, 2058, 2094, 2040, 1992, 2047, 2110, 2058, 1980, 2025, 2112, 2083, 1989, 2000, 2098, 2101,
  2007, 1993, 2080, 2101, 2020, 1998, 2072, 2096, 2025, 1998, 2073, 2098, 2020, 1993, 2072, 2111,
  2026, 1977, 2062, 2122, 2045, 1972, 2037, 2121, 2069, 1979, 2015, 2107, 2087, 1999, 2002, 2082,
  2095, 2024, 2000, 2058, 2090, 2048, 2010, 2037, 2076, 2063, 2030, 2028, 2052, 2067, 2055, 2034,
  2027, 2053, 2078, 2052, 2011, 2030, 2087, 2079, 2011, 2002, 2076, 2107, 2029, 1977, 2052, 2124,
  2058, 1969, 2020, 2123, 2090, 1978, 1991, 2110, 2115, 1997, 1970, 2086, 2134, 2026, 1958, 2051,
  2138, 2064, 1962, 2013, 2121, 2098, 1990, 1988, 2088, 2110, 2025, 1987, 2055, 2103, 2052, 2001,
  2034, 2087, 2067, 2015, 2024, 2074, 2074, 2028, 2019, 2061, 2077, 2039, 2018, 2050, 2076, 2050,
  2019, 2041, 2074, 2057, 2021, 2033, 2072, 2067, 2024, 2021, 2067, 2077, 2034, 2015, 2053, 2081,
  2049, 2018, 2040, 2069, 2057, 2034, 2040, 2053, 2049, 2046, 2055, 2051, 2031, 2038, 2071, 2067,
  2021, 2017, 2070, 2087, 2032, 2001, 2054, 2098, 2050, 1998, 2036, 2096, 2066, 2002, 2024, 2090,
  2076, 2008, 2015, 2083, 2083, 2015, 2007, 2079, 2091, 2018, 2003, 2075, 2098, 2022, 1993, 2072,
  2109, 2028, 1977, 2060, 2126, 2045, 1964, 2038, 2132, 2072, 1965, 2013, 2126, 2091, 1976, 1997,
  2114, 2104, 1984, 1984, 2109, 2118, 1988, 1967, 2098, 2140, 2006, 1945, 2075, 2156, 2039, 1936,
  2036, 2155, 2077, 1950, 1999, 2132, 2108, 1979, 1981, 2097, 2114, 2014, 1985, 2067, 2103, 2036,
  2001, 2057, 2083, 2038, 2017, 2059, 2075, 2032, 2020, 2064, 2075, 2030, 2018, 2066, 2077, 2030,
  2018, 2063, 2080, 2029, 2011, 2069, 2088, 2026, 1999, 2065, 2105, 2038, 1982, 2044, 2119, 2066,
  1978, 2015, 2111, 2093, 1996, 1994, 2085, 2105, 2023, 1993, 2061, 2097, 2042, 2002, 2048, 2090,
  2050, 2008, 2044, 2084, 2054, 2014, 2042, 2079, 2053, 2018, 2044, 2078, 2051, 2012, 2041, 2088,
  2062, 2002, 2022, 2095, 2085, 2004, 1997, 2080, 2110, 2030, 1980, 2046, 2113, 2067, 1989, 2015,
  2094, 2088, 2017, 2002, 2065, 2093, 2042, 2006, 2043, 2085, 2059, 2014, 2031, 2077, 2068, 2022,
  2022, 2067, 2078, 2034, 2015, 2055, 2079, 2046, 2016, 2040, 2075, 2059, 2023, 2031, 2065, 2066,
  2037, 2032, 2051, 2058, 2049, 2043, 2044, 2046, 2048, 2056, 2053, 2035, 2037, 2062, 2066, 2034,
  2022, 2056, 2080, 2045, 2011, 2042, 2086, 2063, 2010, 2023, 2082, 2079, 2019, 2011, 2069, 2088,
  2034, 2005, 2054, 2090, 2048, 2006, 2041, 2088, 2060, 2010, 2028, 2081, 2074, 2018, 2016, 2071,
  2084, 2031, 2005, 2055, 2093, 2050, 2001, 2033, 2091, 2073, 2011, 2013, 2073, 2089, 2034, 2005,
  2049, 2087, 2057, 2014, 2030, 2073, 2070, 2033, 2025, 2054, 2069, 2047, 2029, 2043, 2063, 2055,
  2033, 2037, 2060, 2063, 2036, 2027, 2056, 2075, 2046, 2015, 2041, 2084, 2064, 2010, 2019, 2083,
  2088, 2017, 1996, 2068, 2105, 2039, 1986, 2045, 2109, 2062, 1989, 2024, 2102, 2078, 1999, 2011,
  2090, 2088, 2010, 2003, 2079, 2093, 2023, 2000, 2065, 2096, 2035, 1997, 2053, 2096, 2047, 2000,
  2041, 2094, 2059, 2003, 2031, 2089, 2068, 2009, 2023, 2082, 2076, 2017, 2017, 2075, 2079, 2025,
  2016, 2067, 2080, 2031, 2013, 2063, 2085, 2037, 2007, 2053, 2093, 2049, 2001, 2037, 2093, 2070,
  2006, 2016, 2081, 2085, 2025, 2006, 2058, 2089, 2047, 2011, 2040, 2076, 2060, 2026, 2035, 2064,
  2058, 2034, 2041, 2062, 2053, 2032, 2040, 2065, 2059, 2030, 2033, 2062, 2065, 2037, 2030, 2053,
  2063, 2045, 2033, 2049, 2060, 2046, 2036, 2048, 2058, 2047, 2036, 2046, 2059, 2050, 2036, 2043,
  2058, 2053, 2038, 2040, 2055, 2055, 2041, 2041, 2054, 2053, 2040, 2042, 2057, 2054, 2035, 2038,
  2060, 2062, 2036, 2028, 2055, 2072, 2046, 2021, 2044, 2078, 2058, 2017, 2031, 2076, 2071, 2023,
  2017, 2068, 2083, 2033, 2007, 2055, 2089, 2048, 2004, 2039, 2091, 2062, 2005, 2026, 2089, 2078,
  2009, 2009, 2081, 2095, 2020, 1991, 2065, 2109, 2042, 1982, 2037, 2112, 2072, 1987, 2010, 2102,
  2096, 2003, 1990, 2079, 2110, 2031, 1982, 2051, 2111, 2056, 1991, 2027, 2096, 2074, 2009, 2019,
  2075, 2075, 2029, 2025, 2061, 2065, 2039, 2036, 2054, 2053, 2040, 2047, 2057, 2043, 2033, 2057,
  2068, 2036, 2019, 2060, 2085, 2038, 2002, 2049, 2101, 2056, 1990, 2025, 2103, 2084, 1996, 1998,
  2089, 2103, 2018, 1988, 2064, 2108, 2040, 1990, 2047, 2102, 2054, 1995, 2035, 2097, 2065, 2000,
  2024, 2090, 2077, 2010, 2014, 2078, 2085, 2024, 2008, 2065, 2087, 2036, 2009, 2057, 2084, 2040,
  2010, 2053, 2088, 2043, 2004, 2049, 2097, 2052, 1997, 2034, 2099, 2071, 1999, 2016, 2088, 2084,
  2016, 2007, 2072, 2088, 2031, 2010, 2058, 2082, 2041, 2017, 2053, 2073, 2043, 2025, 2054, 2069,
  2037, 2028, 2063, 2068, 2028, 2022, 2070, 2080, 2023, 2006, 2070, 2099, 2032, 1988, 2054, 2111,
  2054, 1985, 2027, 2106, 2079, 1997, 2010, 2088, 2090, 2018, 2004, 2069, 2088, 2033, 2010, 2059,
  2083, 2035, 2013, 2059, 2082, 2040, 2011, 2050, 2086, 2051, 2011, 2036, 2080, 2065, 2021, 2026,
  2068, 2072, 2034, 2023, 2052, 2070, 2050, 2026, 2039, 2064, 2061, 2038, 2029, 2049, 2068, 2054,
  2028, 2032, 2062, 2071, 2040, 2018, 2047, 2079, 2056, 2017, 2029, 2075, 2073, 2023, 2018, 2066,
  2080, 2034, 2012, 2058, 2085, 2042, 2008, 2047, 2091, 2054, 2002, 2035, 2094, 2069, 2002, 2017,
  2090, 2087, 2011, 2000, 2075, 2102, 2030, 1988, 2053, 2108, 2055, 1989, 2028, 2100, 2078, 2005,
  2010, 2078, 2091, 2031, 2005, 2051, 2084, 2055, 2019, 2033, 2065, 2066, 2040, 2030, 2045, 2062,
  2057, 2037, 2034, 2052, 2063, 2050, 2032, 2041, 2062, 2059, 2036, 2031, 2055, 2068, 2044, 2025,
  2046, 2069, 2055, 2029, 2034, 2062, 2064, 2037, 2030, 2052, 2064, 2049, 2032, 2041, 2059, 2056,
  2041, 2035, 2050, 2061, 2049, 2034, 2040, 2061, 2060, 2035, 2030, 2057, 2070, 2041, 2020, 2049,
  2078, 2053, 2015, 2035, 2080, 2066, 2018, 2024, 2075, 2076, 2023, 2015, 2068, 2084, 2030, 2008,
  2060, 2089, 2040, 2004, 2051, 2091, 2049, 2004, 2042, 2091, 2058, 2006, 2033, 2088, 2067, 2011,
  2024, 2080, 2074, 2019, 2020, 2072, 2077, 2026, 2018, 2066, 2078, 2034, 2016, 2058, 2080, 2041,
  2016, 2049, 2077, 2049, 2022, 2044, 2067, 2051, 2033, 2047, 2060, 2044, 2034, 2056, 2065, 2034,
  2026, 2061, 2075, 2036, 2013, 2054, 2087, 2046, 2005, 2042, 2091, 2061, 2003, 2026, 2090, 2077,
  2009, 2009, 2079, 2092, 2025, 1998, 2059, 2098, 2047, 1998, 2038, 2094, 2065, 2007, 2023, 2081,
  2079, 2022, 2011, 2065, 2087, 2038, 2006, 2048, 2092, 2057, 2004, 2029, 2088, 2077, 2014, 2009,
  2072, 2094, 2033, 1998, 2052, 2095, 2053, 2005, 2035, 2085, 2064, 2016, 2029, 2073, 2067, 2025,
  2027, 2070, 2068, 2027, 2026, 2068, 2072, 2029, 2020, 2063, 2076, 2035, 2018, 2055, 2076, 2043,
  2020, 2050, 2073, 2047, 2022, 2048, 2073, 2049, 2022, 2043, 2073, 2055, 2022, 2038, 2073, 2060,
  2022, 2031, 2072, 2068, 2026, 2023, 2065, 2075, 2035, 2018, 2054, 2076, 2048, 2020, 2043, 2071,
  2055, 2028, 2037, 2062, 2060, 2037, 2035, 2053, 2060, 2045, 2037, 2047, 2055, 2051, 2043, 2042,
  2047, 2054, 2054, 2042, 2037, 2050, 2061, 2050, 2032, 2039, 2062, 2061, 2038, 2030, 2051, 2066,
  2050, 2031, 2042, 2059, 2057, 2042, 2035, 2050, 2061, 2050, 2035, 2039, 2059, 2062, 2042, 2027,
  2046, 2073, 2058, 2021, 2027, 2072, 2078, 2027, 2009, 2061, 2092, 2045, 1998, 2038, 2099, 2069,
  1998, 2014, 2092, 2094, 2011, 1990, 2072, 2111, 2038, 1982, 2041, 2110, 2069, 1994, 2014, 2088,
  2089, 2023, 2005, 2058, 2087, 2050, 2015, 2036, 2071, 2061, 2033, 2035, 2053, 2058, 2046, 2040,
  2047, 2051, 2050, 2046, 2044, 2048, 2053, 2050, 2041, 2043, 2055, 2057, 2040, 2033, 2052, 2066,
  2048, 2025, 2041, 2070, 2059, 2026, 2031, 2067, 2071, 2034, 2020, 2056, 2078, 2045, 2015, 2042,
  2082, 2062, 2013, 2025, 2078, 2079, 2023, 2007, 2064, 2093, 2043, 2000, 2039, 2096, 2068, 2004,
  2017, 2081, 2086, 2023, 2004, 2060, 2091, 2046, 2008, 2041, 2081, 2060, 2022, 2034, 2068, 2059,
  2032, 2038, 2060, 2053, 2034, 2044, 2063, 2051, 2029, 2041, 2070, 2059, 2024, 2029, 2070, 2074,
  2031, 2015, 2055, 2083, 2050, 2012, 2034, 2078, 2070, 2025, 2017, 2059, 2083, 2048, 2012, 2034,
  2079, 2073, 2023, 2011, 2060, 2090, 2050, 2003, 2030, 2087, 2079, 2018, 2006, 2065, 2094, 2045,
  2003, 2037, 2086, 2069, 2017, 2019, 2067, 2080, 2039, 2015, 2047, 2075, 2056, 2026, 2034, 2063,
  2066, 2038, 2028, 2052, 2068, 2049, 2028, 2039, 2065, 2061, 2034, 2026, 2055, 2075, 2048, 2016,
  2037, 2078, 2070, 2021, 2013, 2066, 2091, 2041, 2000, 2041, 2094, 2067, 2006, 2017, 2081, 2086,
  2024, 2006, 2060, 2091, 2044, 2007, 2044, 2085, 2057, 2011, 2034, 2082, 2064, 2015, 2027, 2077,
  2074, 2020, 2018, 2072, 2080, 2028, 2011, 2061, 2088, 2041, 2005, 2047, 2090, 2057, 2007, 2029,
  2084, 2073, 2017, 2014, 2070, 2087, 2036, 2006, 2045, 2086, 2062, 2015, 2023, 2069, 2078, 2038,
  2015, 2043, 2076, 2062, 2025, 2025, 2060, 2076, 2046, 2018, 2040, 2074, 2063, 2025, 2026, 2064,
  2073, 2035, 2018, 2054, 2080, 2048, 2014, 2039, 2083, 2066, 2015, 2020, 2075, 2085, 2029, 2003,
  2054, 2096, 2055, 2001, 2028, 2087, 2077, 2016, 2014, 2070, 2084, 2033, 2010, 2056, 2086, 2045,
  2007, 2044, 2089, 2059, 2007, 2027, 2085, 2078, 2016, 2007, 2070, 2096, 2036, 1994, 2045, 2102,
  2064, 1995, 2017, 2094, 2089, 2010, 1994, 2073, 2108, 2035, 1983, 2044, 2111, 2066, 1989, 2016,
  2098, 2089, 2007, 2000, 2077, 2098, 2028, 1997, 2059, 2097, 2043, 1998, 2046, 2098, 2056, 1998,
  2030, 2096, 2074, 2004, 2013, 2084, 2091, 2021, 1999, 2062, 2096, 2046, 2003, 2038, 2086, 2063,
  2018, 2030, 2068, 2064, 2035, 2036, 2058, 2054, 2037, 2046, 2060, 2048, 2029, 2044, 2071, 2057,
  2023, 2031, 2071, 2072, 2028, 2018, 2058, 2079, 2046, 2016, 2040, 2075, 2063, 2027, 2027, 2058
};
